<?xml version="1.0"?>
<opencv_storage>
<calibration_Time>"Fri Feb 17 17:32:41 2023"</calibration_Time>
<image_Width>6012</image_Width>
<image_Height>4008</image_Height>
<Camera_Matrix type_id="opencv-matrix">
  <rows>3</rows>
  <cols>3</cols>
  <dt>d</dt>
  <data>
    9.26345017619305327e+03 0. 3.05691706851545177e+03 0.
    9.26345017619305327e+03 1.95909360966707504e+03 0. 0. 1.</data></Camera_Matrix>
<Distortion_Coefficients type_id="opencv-matrix">
  <rows>5</rows>
  <cols>1</cols>
  <dt>d</dt>
  <data>
    -8.07694313191855834e-02 9.15420480043196011e-02 -5.40452194575740145e-04 4.77087077706824978e-04
    1.07376756738276341e-14</data></Distortion_Coefficients>
</opencv_storage>
