<?xml version="1.0"?>
<opencv_storage>
<calibration_Time>"Fri Sep  9 16:23:40 2022"</calibration_Time>
<image_Width>6012</image_Width>
<image_Height>4008</image_Height>
<Camera_Matrix type_id="opencv-matrix">
  <rows>3</rows>
  <cols>3</cols>
  <dt>d</dt>
  <data>
    6.63635809734491068e+03 0. 3.02606100000000015e+03 0.
    6.63635809734491068e+03 1.88998299999999995e+03 0. 0. 1.</data></Camera_Matrix>
<Distortion_Coefficients type_id="opencv-matrix">
  <rows>5</rows>
  <cols>1</cols>
  <dt>d</dt>
  <data>
    -9.74702999999999126e-02 8.64766999999995456e-02 -4.40244999999998886e-04 -1.97300999999998957e-04
    8.18512118171025769e-16</data></Distortion_Coefficients>
</opencv_storage>
