<?xml version="1.0"?>
<opencv_storage>
<calibration_Time>"Thu Sep 15 18:06:55 2022"</calibration_Time>
<image_Width>6012</image_Width>
<image_Height>4008</image_Height>
<Camera_Matrix type_id="opencv-matrix">
  <rows>3</rows>
  <cols>3</cols>
  <dt>d</dt>
  <data>
    6.61970078999999987e+03 0. 3.02606100000000015e+03 0.
    6.61970078999999987e+03 1.88998299999999995e+03 0. 0. 1.</data></Camera_Matrix>
<Distortion_Coefficients type_id="opencv-matrix">
  <rows>5</rows>
  <cols>1</cols>
  <dt>d</dt>
  <data>
    -9.74703000000000652e-02 8.64767000000006003e-02 -4.40245000000001271e-04 -1.97301000000002101e-04
    -1.46208723509446152e-15</data></Distortion_Coefficients>
</opencv_storage>
