<?xml version="1.0"?>
<opencv_storage>
<calibration_Time>"Thu Oct 13 16:16:21 2022"</calibration_Time>
<image_Width>6012</image_Width>
<image_Height>4008</image_Height>
<Camera_Matrix type_id="opencv-matrix">
  <rows>3</rows>
  <cols>3</cols>
  <dt>d</dt>
  <data>
    9.26789262766209504e+03 0. 3.05349107994520591e+03 0.
    9.26789262766209504e+03 1.94835654532114540e+03 0. 0. 1.</data></Camera_Matrix>
<Distortion_Coefficients type_id="opencv-matrix">
  <rows>5</rows>
  <cols>1</cols>
  <dt>d</dt>
  <data>
    -8.07042713029020586e-02 9.46617629940955385e-02 -4.32106111976037410e-04 3.31782983128223608e-04
    2.23921162186319769e-14</data></Distortion_Coefficients>
</opencv_storage>
